38.44278188753744 26.297290041317112
38.92380749823688 31.376559369283996
71.98397875879053 192.5041150932106
74.56107892230777 189.23955019521537
152.29296376103017 119.8374874953225
46.36532264372903 28.013691429718605
71.19717163683825 186.18149144273042
31.259029887683482 32.24164918332554
143.92229677190346 118.76753931444834
76.59397497588269 186.40666416305967
80.50534730290676 191.5643600447186
72.48254296079293 188.63759015122963
72.25645146086909 190.60403659981984
73.51777069103511 188.74567202127247
75.93887863817788 184.85374081589504
137.52727088760196 126.59422109864889
146.69678527856868 121.98585820952269
28.26709143337797 37.46386932965496
146.5092986374183 129.790320713059
32.646755783697444 31.870556140077923
30.175665306246255 30.084581469253155
32.043633967446766 27.8224369253454
141.51616104863152 119.87595167939146
151.38080326154648 114.59519388395412
28.70666136917462 32.613150736399746
33.33660799309778 32.531694001698646
73.87988021989219 187.7360294743184
148.13000474382264 119.12256068127834
151.05224428884858 120.0787207422859
152.62402802782842 116.67159844627884
70.47245779837021 187.98332865679913
151.33369150278486 118.98458872073819
37.60377622602223 38.21467760991457
34.65154806734433 29.089374791862866
29.630167289647982 32.667027750924284
34.291195000464235 32.616696514479656
77.34560123665509 194.21158136769571
27.96053810568761 33.04671088807332
147.37128741974632 119.34126767630427
32.883099432280424 34.441246243904395
75.3268362794126 187.8309797008127
143.28704989930165 119.16068080515649
73.73169931007602 185.7523164375869
72.5304615541744 189.79865195758254
149.17732100487592 125.45994676081772
146.34324895430385 118.8657209226469
25.681105394492366 27.360173167033427
77.37565850578206 186.48033033207017
69.73327027193339 188.45599869426033
134.1700411512139 113.6831789739029
146.06180421320852 119.06878804080765
34.97099646520787 28.51508216058202
31.716324402871127 30.646954058182494
144.1297361264281 115.4649357106143
29.36917467951146 26.978920776695865
73.997313199259 193.6727645208907
34.15669528391705 30.556937534564003
81.33985603744847 192.0446183489373
146.75967525741672 121.27501334158357
72.76211264169258 192.18165452878728
148.31456573861314 114.74713665260045
142.48537986076644 121.74071448589744
30.19637399061692 36.20596864310871
71.86953040846922 191.08560327976906
34.70729720044309 29.043151522518173
38.100422459345054 30.110388385921553
73.48318783598963 188.1828735842621
72.12723235473824 189.96428521379784
75.19925641751661 193.0487962535819
29.022316561012698 30.456348160586018
36.12662117567149 34.242548253884316
71.45504303720558 191.26995533702026
72.39037119980458 189.2152241544296
77.05011668526278 185.98540371041932
73.47050105593662 189.58588435199178
78.38381050649471 187.6808143269281
81.85199946949302 184.541065704208
75.68767215221776 192.48832989731517
76.96680434059603 185.30471366841428
147.55098470909894 119.63361259512504
71.93641479408043 188.44396809317493
29.54705895564439 33.097699520507064
34.94198366598019 24.97873337001608
29.3570586787693 32.513806033224164
74.42416663447446 191.35501385242685
34.74765707264116 37.851125550737976
74.17185942146388 187.88165278891077
147.5821447894159 118.46874339694654
33.166825057549474 31.032150054509167
146.6585577246997 119.26466513323108
74.33094087512913 191.0475033089841
69.15171012357537 190.06331965563558
151.46021326749872 122.37661611025567
26.126334199342843 35.78755502562237
147.3669440432953 117.25000400875035
32.98303186239245 30.27026474929856
76.62069530155199 193.54955820252505
146.34173973857295 116.7241087454939
146.2107510704615 122.59712380091104
29.290508135733354 29.605913202235076
29.943167637199732 30.353550240659008
30.980427801187165 33.06092035989256
72.87725776855461 191.97789014850585
84.42412466634461 182.71596828902216
144.77953875052077 113.85911454471348
79.39178540021206 193.80508287458403
150.96816059409 121.34842697046129
30.482751894012896 30.074441644591737
148.46922033741436 118.52803542374981
29.86722052428499 35.55905749859363
78.15717749899832 193.30426743808795
71.37183522780722 195.2404738641094
144.10901089265346 114.31705053741376
31.370902825353387 34.48147862265338
146.6262020368622 117.70021170487098
150.00243012877286 118.50747072034267
32.49258274588506 31.821967128729863
148.8750374092451 122.17222574740923
33.70549455213401 32.57644430492584
35.98328796840549 29.665257037946976
68.83259600949967 190.70222422629152
84.7024915930623 181.56201301421945
72.55826389246378 189.1766767333662
147.4115963485066 118.49606594103992
32.06132426066202 32.2022744372016
33.67323984037304 31.418857968805742
146.82818578559736 116.86575215881662
35.46524083245687 29.486665185992102
30.729704392750335 29.91826085739827
149.90213454726043 120.49495936931096
79.78519648250625 193.92063433352493
72.23948048059593 187.69543042708693
140.02710118935158 118.15443177436504
27.835562023800406 32.346133305792684
30.46649889622947 30.380733357997517
73.49960061166763 191.77054141274112
150.9058595185691 119.95398118066664
34.01857950641529 29.65076988258841
74.69199340473149 193.1534599756593
23.11306815966259 31.036019467687094
35.15499372452429 43.260131299838626
28.628654747943663 33.299833705467506
72.86794960473702 190.83962237346626
147.90153992515414 116.79903110501166
146.01503558783872 116.86507551760604
75.99221058599774 194.75697098138116
67.04878845720326 192.6085687951089
148.0400805057911 119.12511888210564
138.98385486189915 117.34101107299588
34.01076326792969 35.01356935222301
152.85833573481568 117.42965415074318
70.9234656227772 190.73344498959062
39.496682034712464 35.091163392778384
81.2744923605104 193.24025706363668
28.832304722151367 32.61330913864852
143.94412631258058 126.0088586664637
150.75221918566615 122.60950931766294
140.19646206216137 119.46433672086896
78.33649221301755 192.39866038004357
32.18212715521366 27.44556333808462
74.92336413939988 189.4390998818578
144.80728491944942 118.00424211747328
77.65423012257871 191.1291146109623
76.23948205391117 192.46676344227126
145.57363327082606 112.82593334520057
38.540984027337785 31.586567613166213
72.71692387432108 190.79223705072917
144.668474370576 121.99787051688459
24.957939864836135 36.28827317211064
152.58103213692698 124.99771936673693
144.29961183830326 120.37363657160999
144.98567344542604 120.42784665148022
29.584449047559218 28.863989891033594
75.08871439929557 197.5325876194391
147.07106580771227 119.7694740417527
150.94072006215313 114.19870489434157
147.49858310057155 116.91205748042526
148.33491621103644 123.83759151200437
74.67671864123018 191.16631720643318
70.77501566560122 187.32938616223788
32.42848635563072 26.091153254527008
70.66191154332125 188.88092531368716
145.59056785894734 121.8843236067952
142.84901282428368 113.61400030612702
77.79815215720546 191.38120406279273
75.59040357328487 194.06428954483053
69.01897186318479 192.91548212756288
75.183306099079 184.18015453818057
80.305623022072 191.9866584072429
144.2434556985237 119.09135538427178
148.97176723188707 119.25188124951704
31.703084713126472 32.67625785926498
74.78261420568761 190.84682558183593
150.19547955891872 133.35585398623368
141.85321517568536 123.8323196417409
30.438796436224738 35.7108830329886
73.10610769971608 189.2677800326034
75.0826499248105 186.71395038849138
71.72111262829418 191.5636385738888
155.63543078764673 123.09042157371105
146.37487043833116 124.17152925607739
80.20438649031578 191.3578064148661
147.8124757109324 124.35688800272912
74.8675320952587 186.96972849511553
87.7062240174101 178.43033448484823
145.65189591684378 122.64640969227038
149.41766678992434 118.00102123083788
79.34170590369705 188.5880506271623
27.170376555384472 28.442948227787937
75.42756654702603 191.29881342116977
29.322826915124 36.63624974123132
32.01846460007342 27.3686583397796
148.87939778162323 130.9924717147557
31.546411034473422 31.649809351626164
146.07769728241735 116.6259698721492
31.00496625124452 41.966251248347255
141.79644585007415 123.56472730510285
35.85522956692953 28.20384194502416
149.27266731675937 121.733669471129
147.21015883962053 119.58098251105991
31.49209041931025 29.812078201125402
147.331511059075 124.15776549025597
148.4446472761659 118.80089656962696
76.47384846632319 191.0338153016828
150.315224783744 119.79470836430559
29.329272355400267 31.27717721787303
76.66859505087331 196.71422815941318
147.48998589263198 121.22102035720934
31.83678049009516 30.908764731629354
147.95682790500453 124.32991357841506
83.55566350386918 181.5276883749066
35.846243692477486 36.586537086527095
29.29156670656775 34.765953660563184
144.6216065895644 117.13972453036787
72.14975106677109 194.79266449703587
148.53363299654768 116.35777056389371
31.736831091287065 27.192870991110226
75.10086382675888 186.90962694819532
27.159171822170165 33.42869634930867
73.31874315817137 191.6826635813233
77.12342350945872 190.65696612555317
74.11405326975863 198.3033687817521
31.08506262691734 33.2434061593584
32.34432164150519 33.030661303092
65.18422174926528 187.06969835798037
146.47231888505783 121.22569171314368
149.57406182282978 114.45547838013798
31.376197026096207 38.86961524288432
82.57401314420304 186.59343294896826
27.960558467262516 34.35836262723924
148.1284592514483 120.66544730303792
146.68977625725915 121.51716791571806
35.94244452567944 29.630323985780727
141.28864104421555 119.56505374271747
146.69181665792752 117.41266748784092
152.96819716193403 117.30680198334187
28.098060294270276 32.541631777073924
30.42495403439649 26.68947520788621
75.90181406368319 193.06949666335032
75.79638460066622 190.92602709852292
144.93596969006353 118.43402227594845
31.24551596422614 31.12652880591052
77.37420424945596 195.8332402299451
30.99323095411136 26.216021266692557
75.9929318446154 188.20750201816787
28.23491362771156 30.821543306941585
146.07250791691044 120.93683200570415
28.1674149627068 26.234334051643224
28.276108329555306 34.35982945706405
33.41576794172471 28.838871193276365
27.537344661811467 33.33789935775769
72.36764261526727 185.59831960792565
74.24900810595996 191.2141989965185
146.36204804374026 117.03993372494982
71.69534627528915 191.5902785277128
32.68368179112997 31.753412438325153
73.96221603555145 192.41976894346305
75.04473928918394 188.1880602391658
31.76402838191854 28.932755270180564
38.883981703293685 30.91072436806658
78.00102233696035 192.93670163933183
144.44328003887452 119.87389285335657
141.75605316765956 112.26376861953882
75.73809616746254 192.6244110290913
143.3807362177819 116.08913100104412
74.80054565214265 194.83679224942526
141.25938477500839 123.79331396190356
148.27114781343747 121.61673336720015
144.41091708544346 121.4434928451868
35.295077026245174 42.27914802165673
23.250818663308266 34.473424623007915
149.01575027244306 120.28172285662238
73.1029039327843 195.69969583551006
75.20697786473542 188.63243431963465
69.93405370394007 186.78177504080142
70.0855740657888 190.69676285758015
27.33384538926414 27.31366775104968
26.98119300433384 28.865454004467903
79.64566221599466 192.44516546944197
74.94702944510621 194.5034635134552
77.28111961060164 187.41469891759903
71.33411327786455 192.11252210788473
76.10238194291331 186.54156001903047
141.6155053858979 117.933571770546
31.531912472301983 33.376203938936605
33.975809146108006 30.644197657911562
73.52610745659312 193.31422796063998
147.98820089602685 124.05640270138102
33.326983894853726 29.511503739557728
144.80801550716367 117.3530783426203
75.88027567765688 188.9876144407343
146.63089328522386 117.14784423542253
143.77193360212675 115.58329764651431
27.872000552089816 36.4557153975114
76.45312957109847 191.68421913471988
142.05453533778905 115.50930551627765
30.201019606586176 32.07918618584047
29.33430650921301 29.532472709759766
148.4297668072475 117.23996935600252
145.04859194784328 121.60024663644981
144.85718761027093 116.55405627374047
30.112891451845734 31.028067196077327
73.56847891327143 192.71205766495365
77.7700290599521 192.09703503590063
30.643113156003224 29.879710892418004
149.93710872444487 118.3241698830932
73.65929026732884 187.18485567403025
32.75670514989467 29.021672627780134
71.30713454830516 189.1393575744604
29.568970828060454 32.396312410296744
78.70875721703236 188.0198528851269
149.32414756253425 119.29052469490091
72.58954812585978 189.4324054617632
149.01216247257608 118.75362624290379
135.72646686885534 128.70796270834242
73.49222817210419 193.40971307288535
144.12139037761992 120.18287819883594
148.2412884624113 122.00421996954924
143.87962283573867 117.93351890307525
32.35032249660672 31.47752335617742
72.80186448784043 189.15987484218994
76.45316682839064 201.7010557539474
30.39706201682281 27.87932634101552
31.090823981212758 34.50880971329009
22.92781272040014 26.813323827589016
141.5794494015083 120.34208774700899
31.87012940338844 29.762658202250098
75.58912784097998 194.11564532910953
77.3485754215815 186.4502683326814
143.44161022327438 121.24383638596085
28.191305788231098 28.895511371928144
143.81754826642916 118.57803020671784
143.70354434823594 121.20745435392683
75.98138585051734 191.82521486108794
31.450580056313576 34.39534519243659
144.73784044623946 116.13806316164077
143.73302880182433 121.99549979767643
147.13368807560718 118.21086731329393
27.362440030998453 36.463286613193624
146.41451946143556 119.87263862070155
75.55030500186311 186.40564494584729
29.900239406190355 30.271387696834612
30.510924497861268 33.28752316168079
149.93667991447248 119.93425228363765
147.26811293297024 125.95789923534363
31.97181729142893 34.14697701907707
143.5040179805407 121.78985121940264
143.64262296503955 114.63263062261856
147.3957303982198 117.48623722973765
151.61642388291497 127.86552399223703
146.20054896633906 116.09864824011996
74.23763541349494 192.28486276425951
31.79798237079087 30.765822831468704
151.37522184938194 106.46488498536002
144.45906970955343 116.48705282856413
31.288683216878685 31.288172485727767
29.06519074045581 31.51819475031622
31.055336959530003 33.22336254374034
75.16916497418701 189.24583923058563
29.651862738186185 35.42694638779727
148.90586469847645 116.34257627543447
28.43402835015459 27.14385025039153
147.17795586744546 117.01874696409409
70.34991387161045 188.6901590633845
75.68067494164079 189.91952353468474
76.78502581276751 187.5713886127344
135.17403683612588 117.62261593515947
75.65950232051013 191.18220591047418
74.80388846035676 186.63682716912464
80.56658147310408 190.66659472047877
33.36874428061701 27.811748753588844
29.635559026930185 34.3459317447512
32.00487888609508 33.867796454110845
143.9321271755817 120.46275847388306
143.19592707413324 119.30455838434344
147.63758272510788 118.0405231809954
36.75059637332334 34.5785991558838
145.6819442216818 117.00900585328253
33.06915797513889 26.48822990756916
32.07123402021076 38.564804486973216
31.105468277839307 29.568629753839236
75.78724118936853 187.99980702790415
73.39261486111353 182.65616219019415
144.44686065491553 118.27032068811323
29.482742067846594 29.558327243519354
148.360352604866 118.41709366655414
75.6339105841706 184.40302054800986
31.812497151041203 26.651671722248835
71.12537190646736 192.89644712314757
35.5446617415485 31.788568396775254
23.044591242607787 35.67642546340385
29.090697016859025 26.97352017814985
72.18395154290886 185.90595017797736
26.53384056791559 33.01693392127745
73.27487559589694 190.47562905111283
72.92266437516733 192.70016128637192
146.05516882652316 123.4451457753277
75.11060838353626 185.86861672334288
79.11640670228078 185.9373080936064
30.142044723523007 26.409120600009807
32.12713339516348 26.068398889270654
75.53461455448677 184.2638509103439
141.39057251891688 121.36177741654713
149.87312098278122 122.10668492129612
73.45193312598518 190.38848370014222
31.105190712050792 38.32926370792903
151.28463499899487 115.59139246476265
70.2560334762741 190.3485502064013
146.5443532461155 117.23884649017421
142.2030856408236 121.42060454947904
76.32773664319313 189.92437454401264
149.25005987683917 118.00098587242012
28.355531421991472 39.0960502617527
36.8498015779124 35.235164205705466
33.100951305653865 34.116567416120716
31.098762616996417 36.511305974147064
35.076633175333754 44.17843240707329
79.30497007623715 189.46553238052363
29.365362017034144 30.03579938743258
31.791263853780347 28.263785734395434
72.26775684929059 190.9273047456998
147.51222598239494 117.91974127925985
34.299261706893205 26.742222948129616
30.120829591030063 34.67689347733327
145.74574475259934 123.0280273953689
31.09967342632696 31.901548264850092
147.42405628961248 125.36020935705498
36.200151421875034 34.24201426229492
29.47681460977398 31.564933511176616
76.42298560641386 192.74012686449362
142.43808874121908 125.22607313697038
81.88700628240225 190.20425964810076
71.58901884745441 186.55424140974122
